I acquired the following output when I ran stlExercise.
# examples in unlabeled set: 29404
# examples in supervised training set: 15298

# examples in supervised testing set: 15298

 Iteration   FunEvals     Step Length    Function Val        Opt Cond
         1          5     3.12450e-02     1.17880e+02     9.76938e+03
         2          6     1.00000e+00     9.31805e+01     4.83595e+03
         3          7     1.00000e+00     8.39907e+01     2.24467e+03
         4          8     1.00000e+00     7.90743e+01     1.94909e+03
         5          9     1.00000e+00     7.10474e+01     2.53968e+03
         6         10     1.00000e+00     5.47494e+01     2.66161e+03
         7         11     1.00000e+00     3.52537e+01     5.77557e+02
         8         12     1.00000e+00     3.32121e+01     6.90344e+02
         9         13     1.00000e+00     3.18920e+01     6.03067e+02
        10         14     1.00000e+00     3.04164e+01     3.76045e+02
        11         15     1.00000e+00     3.01550e+01     3.62508e+02
        12         16     1.00000e+00     2.97419e+01     1.87214e+02
        13         17     1.00000e+00     2.96481e+01     1.70906e+02
        14         18     1.00000e+00     2.95299e+01     1.86453e+02
        15         19     1.00000e+00     2.87881e+01     3.31636e+02
        16         20     1.00000e+00     2.79875e+01     4.62714e+02
        17         22     3.98656e-01     2.76598e+01     5.23097e+02
        18         23     1.00000e+00     2.71901e+01     3.42049e+02
        19         24     1.00000e+00     2.68720e+01     2.33660e+02
        20         25     1.00000e+00     2.66534e+01     2.55601e+02
        21         26     1.00000e+00     2.61274e+01     3.11970e+02
        22         27     1.00000e+00     2.55138e+01     5.32315e+02
        23         28     1.00000e+00     2.45564e+01     2.81041e+02
        24         29     1.00000e+00     2.38977e+01     2.42715e+02
        25         30     1.00000e+00     2.35542e+01     2.54002e+02
        26         31     1.00000e+00     2.32671e+01     2.09978e+02
        27         32     1.00000e+00     2.30074e+01     2.10723e+02
        28         33     1.00000e+00     2.23455e+01     2.93212e+02
        29         34     1.00000e+00     2.19978e+01     4.79345e+02
        30         35     1.00000e+00     2.14431e+01     3.38855e+02
        31         36     1.00000e+00     2.10793e+01     2.55740e+02
        32         37     1.00000e+00     2.07309e+01     2.17165e+02
        33         38     1.00000e+00     2.05570e+01     2.39557e+02
        34         39     1.00000e+00     2.03723e+01     1.96405e+02
        35         40     1.00000e+00     2.01571e+01     2.06049e+02
        36         41     1.00000e+00     1.98865e+01     2.31656e+02
        37         42     1.00000e+00     1.94712e+01     2.88269e+02
        38         43     1.00000e+00     1.90390e+01     2.35581e+02
        39         44     1.00000e+00     1.87816e+01     1.79437e+02
        40         45     1.00000e+00     1.85560e+01     1.54533e+02
        41         46     1.00000e+00     1.84612e+01     1.72756e+02
        42         47     1.00000e+00     1.83643e+01     1.66553e+02
        43         48     1.00000e+00     1.80564e+01     1.75543e+02
        44         49     1.00000e+00     1.78785e+01     2.00054e+02
        45         50     1.00000e+00     1.76844e+01     1.46772e+02
        46         51     1.00000e+00     1.74382e+01     1.37254e+02
        47         52     1.00000e+00     1.73131e+01     1.42063e+02
        48         53     1.00000e+00     1.71562e+01     1.89259e+02
        49         54     1.00000e+00     1.69769e+01     1.30952e+02
        50         55     1.00000e+00     1.68685e+01     1.22727e+02
        51         56     1.00000e+00     1.66984e+01     1.29788e+02
        52         57     1.00000e+00     1.65973e+01     1.88817e+02
        53         58     1.00000e+00     1.64528e+01     1.22617e+02
        54         59     1.00000e+00     1.63471e+01     1.05892e+02
        55         60     1.00000e+00     1.62389e+01     1.15083e+02
        56         61     1.00000e+00     1.61240e+01     1.64737e+02
        57         62     1.00000e+00     1.59860e+01     1.15962e+02
        58         63     1.00000e+00     1.58890e+01     1.00581e+02
        59         64     1.00000e+00     1.57917e+01     1.14867e+02
        60         65     1.00000e+00     1.56900e+01     1.46733e+02
        61         66     1.00000e+00     1.55838e+01     1.23450e+02
        62         67     1.00000e+00     1.54658e+01     1.02614e+02
        63         68     1.00000e+00     1.53851e+01     1.06418e+02
        64         69     1.00000e+00     1.53027e+01     1.00282e+02
        65         70     1.00000e+00     1.52116e+01     1.08114e+02
        66         71     1.00000e+00     1.51453e+01     1.07462e+02
        67         72     1.00000e+00     1.50791e+01     9.17442e+01
        68         73     1.00000e+00     1.49812e+01     9.62332e+01
        69         74     1.00000e+00     1.49210e+01     1.11289e+02
        70         75     1.00000e+00     1.48559e+01     9.01154e+01
        71         76     1.00000e+00     1.47520e+01     8.70555e+01
        72         77     1.00000e+00     1.46699e+01     9.70992e+01
        73         78     1.00000e+00     1.45492e+01     1.00448e+02
        74         79     1.00000e+00     1.44862e+01     1.07699e+02
        75         80     1.00000e+00     1.44312e+01     7.46789e+01
        76         81     1.00000e+00     1.44037e+01     7.18994e+01
        77         82     1.00000e+00     1.43618e+01     7.91449e+01
        78         83     1.00000e+00     1.42992e+01     1.21632e+02
        79         84     1.00000e+00     1.42111e+01     1.11022e+02
        80         85     1.00000e+00     1.40988e+01     9.80548e+01
        81         86     1.00000e+00     1.40449e+01     9.03580e+01
        82         87     1.00000e+00     1.40070e+01     6.26388e+01
        83         88     1.00000e+00     1.39827e+01     5.73936e+01
        84         89     1.00000e+00     1.39574e+01     6.17852e+01
        85         90     1.00000e+00     1.39200e+01     7.44016e+01
        86         91     1.00000e+00     1.38649e+01     7.66572e+01
        87         92     1.00000e+00     1.37942e+01     7.14203e+01
        88         93     1.00000e+00     1.37264e+01     8.93612e+01
        89         94     1.00000e+00     1.36781e+01     7.97225e+01
        90         95     1.00000e+00     1.36389e+01     5.90206e+01
        91         96     1.00000e+00     1.36164e+01     5.71600e+01
        92         97     1.00000e+00     1.35991e+01     5.98991e+01
        93         98     1.00000e+00     1.35672e+01     6.79309e+01
        94         99     1.00000e+00     1.35071e+01     7.38543e+01
        95        100     1.00000e+00     1.34566e+01     9.76408e+01
        96        101     1.00000e+00     1.34043e+01     6.81262e+01
        97        102     1.00000e+00     1.33681e+01     5.18069e+01
        98        103     1.00000e+00     1.33459e+01     5.23096e+01
        99        104     1.00000e+00     1.33219e+01     5.55255e+01
       100        105     1.00000e+00     1.32923e+01     6.01889e+01
       101        106     1.00000e+00     1.32602e+01     6.26868e+01
       102        107     1.00000e+00     1.32191e+01     6.12435e+01
       103        108     1.00000e+00     1.31710e+01     7.03119e+01
       104        109     1.00000e+00     1.31474e+01     7.47096e+01
       105        111     5.44871e-01     1.31350e+01     6.51563e+01
       106        112     1.00000e+00     1.31162e+01     5.51659e+01
       107        113     1.00000e+00     1.31037e+01     4.56284e+01
       108        114     1.00000e+00     1.30833e+01     4.96640e+01
       109        115     1.00000e+00     1.30686e+01     5.90817e+01
       110        116     1.00000e+00     1.30410e+01     6.48423e+01
       111        117     1.00000e+00     1.30036e+01     5.53753e+01
       112        118     1.00000e+00     1.29694e+01     4.96006e+01
       113        119     1.00000e+00     1.29536e+01     4.50497e+01
       114        120     1.00000e+00     1.29407e+01     4.18272e+01
       115        121     1.00000e+00     1.29259e+01     4.66018e+01
       116        122     1.00000e+00     1.29007e+01     5.73762e+01
       117        123     1.00000e+00     1.28583e+01     7.02873e+01
       118        125     5.39022e-01     1.28370e+01     6.11310e+01
       119        126     1.00000e+00     1.28204e+01     4.30909e+01
       120        127     1.00000e+00     1.28113e+01     4.24955e+01
       121        128     1.00000e+00     1.28031e+01     4.29702e+01
       122        129     1.00000e+00     1.27725e+01     5.34489e+01
       123        130     1.00000e+00     1.27313e+01     6.20522e+01
       124        131     1.00000e+00     1.27192e+01     8.66483e+01
       125        132     1.00000e+00     1.26913e+01     4.13449e+01
       126        133     1.00000e+00     1.26838e+01     3.20477e+01
       127        134     1.00000e+00     1.26757e+01     3.83683e+01
       128        135     1.00000e+00     1.26591e+01     5.00056e+01
       129        136     1.00000e+00     1.26315e+01     6.25072e+01
       130        137     1.00000e+00     1.26020e+01     6.16903e+01
       131        138     1.00000e+00     1.25798e+01     4.65616e+01
       132        139     1.00000e+00     1.25706e+01     4.63035e+01
       133        140     1.00000e+00     1.25620e+01     4.77580e+01
       134        141     1.00000e+00     1.25527e+01     3.31348e+01
       135        142     1.00000e+00     1.25399e+01     3.53446e+01
       136        143     1.00000e+00     1.25220e+01     4.85627e+01
       137        144     1.00000e+00     1.25011e+01     6.27639e+01
       138        145     1.00000e+00     1.24750e+01     5.39703e+01
       139        146     1.00000e+00     1.24543e+01     3.89718e+01
       140        147     1.00000e+00     1.24403e+01     3.62297e+01
       141        148     1.00000e+00     1.24311e+01     3.68217e+01
       142        149     1.00000e+00     1.24181e+01     3.71899e+01
       143        150     1.00000e+00     1.23995e+01     4.00710e+01
       144        151     1.00000e+00     1.23761e+01     4.23649e+01
       145        152     1.00000e+00     1.23561e+01     4.65632e+01
       146        153     1.00000e+00     1.23392e+01     3.63350e+01
       147        154     1.00000e+00     1.23279e+01     3.07596e+01
       148        155     1.00000e+00     1.23208e+01     3.17598e+01
       149        156     1.00000e+00     1.23093e+01     3.13770e+01
       150        157     1.00000e+00     1.22812e+01     4.34625e+01
       151        158     1.00000e+00     1.22753e+01     7.81812e+01
       152        159     1.00000e+00     1.22538e+01     3.69330e+01
       153        160     1.00000e+00     1.22447e+01     2.75516e+01
       154        161     1.00000e+00     1.22357e+01     2.99002e+01
       155        162     1.00000e+00     1.22233e+01     3.98045e+01
       156        163     1.00000e+00     1.22070e+01     4.02897e+01
       157        164     1.00000e+00     1.21913e+01     3.38460e+01
       158        165     1.00000e+00     1.21756e+01     3.52804e+01
       159        166     1.00000e+00     1.21659e+01     3.55907e+01
       160        167     1.00000e+00     1.21526e+01     3.41141e+01
       161        168     1.00000e+00     1.21415e+01     5.00669e+01
       162        169     1.00000e+00     1.21291e+01     3.11878e+01
       163        170     1.00000e+00     1.21224e+01     2.75744e+01
       164        171     1.00000e+00     1.21056e+01     3.03007e+01
       165        172     1.00000e+00     1.21029e+01     5.88469e+01
       166        173     1.00000e+00     1.20886e+01     2.90781e+01
       167        174     1.00000e+00     1.20817e+01     2.38766e+01
       168        175     1.00000e+00     1.20728e+01     2.97008e+01
       169        176     1.00000e+00     1.20609e+01     3.64597e+01
       170        177     1.00000e+00     1.20562e+01     6.08757e+01
       171        178     1.00000e+00     1.20370e+01     2.84035e+01
       172        179     1.00000e+00     1.20296e+01     2.40261e+01
       173        180     1.00000e+00     1.20212e+01     2.88768e+01
       174        181     1.00000e+00     1.20154e+01     4.42985e+01
       175        182     1.00000e+00     1.20068e+01     2.95555e+01
       176        183     1.00000e+00     1.19953e+01     2.81026e+01
       177        184     1.00000e+00     1.19858e+01     3.28221e+01
       178        185     1.00000e+00     1.19761e+01     5.03875e+01
       179        186     1.00000e+00     1.19634e+01     3.03699e+01
       180        187     1.00000e+00     1.19564e+01     2.47180e+01
       181        188     1.00000e+00     1.19495e+01     2.80471e+01
       182        189     1.00000e+00     1.19431e+01     3.47928e+01
       183        190     1.00000e+00     1.19343e+01     2.99521e+01
       184        191     1.00000e+00     1.19152e+01     3.12101e+01
       185        192     1.00000e+00     1.19118e+01     4.55191e+01
       186        193     1.00000e+00     1.19042e+01     2.76472e+01
       187        194     1.00000e+00     1.18987e+01     2.20341e+01
       188        195     1.00000e+00     1.18928e+01     2.69206e+01
       189        196     1.00000e+00     1.18842e+01     3.18872e+01
       190        197     1.00000e+00     1.18776e+01     4.83402e+01
       191        198     1.00000e+00     1.18665e+01     2.79187e+01
       192        199     1.00000e+00     1.18594e+01     2.50171e+01
       193        200     1.00000e+00     1.18527e+01     3.02581e+01
       194        201     1.00000e+00     1.18454e+01     3.35776e+01
       195        202     1.00000e+00     1.18373e+01     2.75237e+01
       196        203     1.00000e+00     1.18303e+01     2.42444e+01
       197        204     1.00000e+00     1.18245e+01     2.98560e+01
       198        205     1.00000e+00     1.18167e+01     3.14512e+01
       199        206     1.00000e+00     1.18084e+01     3.41359e+01
       200        207     1.00000e+00     1.18017e+01     2.47375e+01
       201        208     1.00000e+00     1.17971e+01     2.35823e+01
       202        209     1.00000e+00     1.17907e+01     2.79890e+01
       203        210     1.00000e+00     1.17832e+01     3.47332e+01
       204        211     1.00000e+00     1.17745e+01     2.97730e+01
       205        212     1.00000e+00     1.17683e+01     2.25231e+01
       206        213     1.00000e+00     1.17637e+01     2.35425e+01
       207        214     1.00000e+00     1.17595e+01     2.61077e+01
       208        215     1.00000e+00     1.17513e+01     2.76159e+01
       209        216     1.00000e+00     1.17458e+01     3.80998e+01
       210        217     1.00000e+00     1.17393e+01     2.22834e+01
       211        218     1.00000e+00     1.17352e+01     2.02910e+01
       212        219     1.00000e+00     1.17304e+01     2.32452e+01
       213        220     1.00000e+00     1.17242e+01     3.40118e+01
       214        221     1.00000e+00     1.17172e+01     2.37273e+01
       215        222     1.00000e+00     1.17125e+01     1.84712e+01
       216        223     1.00000e+00     1.17088e+01     2.01458e+01
       217        224     1.00000e+00     1.17055e+01     2.19366e+01
       218        225     1.00000e+00     1.17008e+01     2.26960e+01
       219        226     1.00000e+00     1.16935e+01     3.07819e+01
       220        227     1.00000e+00     1.16890e+01     2.54048e+01
       221        228     1.00000e+00     1.16862e+01     1.67197e+01
       222        229     1.00000e+00     1.16827e+01     1.54309e+01
       223        230     1.00000e+00     1.16792e+01     2.04704e+01
       224        231     1.00000e+00     1.16740e+01     2.58438e+01
       225        232     1.00000e+00     1.16690e+01     2.53842e+01
       226        233     1.00000e+00     1.16648e+01     1.76062e+01
       227        234     1.00000e+00     1.16600e+01     2.00656e+01
       228        235     1.00000e+00     1.16574e+01     2.13006e+01
       229        236     1.00000e+00     1.16520e+01     2.12986e+01
       230        237     1.00000e+00     1.16486e+01     2.71430e+01
       231        238     1.00000e+00     1.16450e+01     2.06694e+01
       232        239     1.00000e+00     1.16410e+01     2.10814e+01
       233        240     1.00000e+00     1.16382e+01     1.86648e+01
       234        241     1.00000e+00     1.16347e+01     2.76241e+01
       235        242     1.00000e+00     1.16305e+01     1.88301e+01
       236        243     1.00000e+00     1.16272e+01     1.91042e+01
       237        244     1.00000e+00     1.16239e+01     1.99045e+01
       238        245     1.00000e+00     1.16225e+01     2.80746e+01
       239        246     1.00000e+00     1.16192e+01     1.68165e+01
       240        247     1.00000e+00     1.16165e+01     1.49327e+01
       241        248     1.00000e+00     1.16131e+01     1.97088e+01
       242        249     1.00000e+00     1.16083e+01     2.36867e+01
       243        251     3.67773e-01     1.16062e+01     2.42403e+01
       244        252     1.00000e+00     1.16028e+01     1.67447e+01
       245        253     1.00000e+00     1.16006e+01     1.33674e+01
       246        254     1.00000e+00     1.15982e+01     1.80139e+01
       247        255     1.00000e+00     1.15950e+01     2.17130e+01
       248        256     1.00000e+00     1.15909e+01     2.67509e+01
       249        257     1.00000e+00     1.15874e+01     2.20890e+01
       250        258     1.00000e+00     1.15847e+01     1.46031e+01
       251        259     1.00000e+00     1.15827e+01     1.57754e+01
       252        260     1.00000e+00     1.15804e+01     1.87915e+01
       253        261     1.00000e+00     1.15776e+01     2.02811e+01
       254        262     1.00000e+00     1.15751e+01     1.55932e+01
       255        263     1.00000e+00     1.15731e+01     1.38260e+01
       256        264     1.00000e+00     1.15706e+01     1.79066e+01
       257        265     1.00000e+00     1.15676e+01     2.05209e+01
       258        266     1.00000e+00     1.15645e+01     2.04856e+01
       259        267     1.00000e+00     1.15615e+01     1.73842e+01
       260        268     1.00000e+00     1.15594e+01     1.49729e+01
       261        269     1.00000e+00     1.15580e+01     1.51311e+01
       262        270     1.00000e+00     1.15557e+01     1.73176e+01
       263        271     1.00000e+00     1.15533e+01     2.12671e+01
       264        272     1.00000e+00     1.15508e+01     1.72648e+01
       265        273     1.00000e+00     1.15486e+01     1.58015e+01
       266        274     1.00000e+00     1.15468e+01     1.62416e+01
       267        275     1.00000e+00     1.15448e+01     1.59155e+01
       268        276     1.00000e+00     1.15422e+01     1.60585e+01
       269        277     1.00000e+00     1.15403e+01     1.82715e+01
       270        278     1.00000e+00     1.15385e+01     1.61466e+01
       271        279     1.00000e+00     1.15357e+01     1.58185e+01
       272        280     1.00000e+00     1.15339e+01     1.70938e+01
       273        281     1.00000e+00     1.15321e+01     1.31156e+01
       274        282     1.00000e+00     1.15310e+01     1.16872e+01
       275        283     1.00000e+00     1.15297e+01     1.30339e+01
       276        284     1.00000e+00     1.15274e+01     1.62055e+01
       277        285     1.00000e+00     1.15252e+01     1.98824e+01
       278        286     1.00000e+00     1.15231e+01     1.30623e+01
       279        287     1.00000e+00     1.15217e+01     1.14823e+01
       280        288     1.00000e+00     1.15206e+01     1.35549e+01
       281        289     1.00000e+00     1.15185e+01     1.61708e+01
       282        290     1.00000e+00     1.15158e+01     1.92554e+01
       283        291     1.00000e+00     1.15136e+01     1.53071e+01
       284        292     1.00000e+00     1.15123e+01     1.04255e+01
       285        293     1.00000e+00     1.15116e+01     1.06874e+01
       286        294     1.00000e+00     1.15104e+01     1.29914e+01
       287        295     1.00000e+00     1.15080e+01     1.79063e+01
       288        296     1.00000e+00     1.15056e+01     2.03605e+01
       289        297     1.00000e+00     1.15033e+01     1.61367e+01
       290        298     1.00000e+00     1.15015e+01     1.26329e+01
       291        299     1.00000e+00     1.15005e+01     1.18917e+01
       292        300     1.00000e+00     1.14993e+01     1.22694e+01
       293        301     1.00000e+00     1.14980e+01     1.43457e+01
       294        302     1.00000e+00     1.14964e+01     1.50553e+01
       295        303     1.00000e+00     1.14947e+01     1.33962e+01
       296        304     1.00000e+00     1.14925e+01     1.37379e+01
       297        305     1.00000e+00     1.14914e+01     1.42753e+01
       298        306     1.00000e+00     1.14903e+01     1.16987e+01
       299        307     1.00000e+00     1.14888e+01     1.15944e+01
       300        308     1.00000e+00     1.14874e+01     1.27274e+01
       301        309     1.00000e+00     1.14857e+01     1.47283e+01
       302        310     1.00000e+00     1.14844e+01     1.38624e+01
       303        311     1.00000e+00     1.14833e+01     1.07252e+01
       304        312     1.00000e+00     1.14820e+01     1.05549e+01
       305        313     1.00000e+00     1.14808e+01     1.15748e+01
       306        314     1.00000e+00     1.14794e+01     1.28007e+01
       307        315     1.00000e+00     1.14781e+01     1.22911e+01
       308        316     1.00000e+00     1.14767e+01     1.19812e+01
       309        317     1.00000e+00     1.14756e+01     1.27807e+01
       310        318     1.00000e+00     1.14746e+01     1.07365e+01
       311        319     1.00000e+00     1.14735e+01     1.10767e+01
       312        320     1.00000e+00     1.14716e+01     1.42678e+01
       313        321     1.00000e+00     1.14701e+01     1.85645e+01
       314        322     1.00000e+00     1.14685e+01     1.10553e+01
       315        323     1.00000e+00     1.14678e+01     7.68529e+00
       316        324     1.00000e+00     1.14673e+01     9.14835e+00
       317        325     1.00000e+00     1.14663e+01     1.20227e+01
       318        326     1.00000e+00     1.14645e+01     1.69387e+01
       319        327     1.00000e+00     1.14628e+01     1.60358e+01
       320        328     1.00000e+00     1.14615e+01     1.01955e+01
       321        329     1.00000e+00     1.14607e+01     8.40720e+00
       322        330     1.00000e+00     1.14602e+01     1.01880e+01
       323        331     1.00000e+00     1.14587e+01     1.27256e+01
       324        332     1.00000e+00     1.14576e+01     1.73278e+01
       325        333     1.00000e+00     1.14562e+01     1.00777e+01
       326        334     1.00000e+00     1.14555e+01     8.55134e+00
       327        335     1.00000e+00     1.14550e+01     9.95928e+00
       328        336     1.00000e+00     1.14539e+01     1.28797e+01
       329        337     1.00000e+00     1.14528e+01     1.62304e+01
       330        338     1.00000e+00     1.14515e+01     9.75640e+00
       331        339     1.00000e+00     1.14507e+01     7.37112e+00
       332        340     1.00000e+00     1.14502e+01     9.38167e+00
       333        341     1.00000e+00     1.14494e+01     1.22224e+01
       334        342     1.00000e+00     1.14481e+01     1.47275e+01
       335        343     1.00000e+00     1.14468e+01     1.48412e+01
       336        344     1.00000e+00     1.14457e+01     9.05405e+00
       337        345     1.00000e+00     1.14452e+01     7.61272e+00
       338        346     1.00000e+00     1.14449e+01     9.09559e+00
       339        347     1.00000e+00     1.14440e+01     1.16031e+01
       340        348     1.00000e+00     1.14427e+01     1.44437e+01
       341        349     1.00000e+00     1.14415e+01     1.25266e+01
       342        350     1.00000e+00     1.14407e+01     8.11359e+00
       343        351     1.00000e+00     1.14402e+01     7.51142e+00
       344        352     1.00000e+00     1.14398e+01     8.54609e+00
       345        353     1.00000e+00     1.14384e+01     1.15745e+01
       346        354     1.00000e+00     1.14381e+01     1.93269e+01
       347        355     1.00000e+00     1.14367e+01     1.00839e+01
       348        356     1.00000e+00     1.14362e+01     7.12951e+00
       349        357     1.00000e+00     1.14357e+01     7.47301e+00
       350        358     1.00000e+00     1.14350e+01     8.31941e+00
       351        359     1.00000e+00     1.14345e+01     1.39848e+01
       352        360     1.00000e+00     1.14335e+01     8.14530e+00
       353        361     1.00000e+00     1.14331e+01     6.86317e+00
       354        362     1.00000e+00     1.14325e+01     7.89385e+00
       355        363     1.00000e+00     1.14318e+01     1.03732e+01
       356        364     1.00000e+00     1.14308e+01     9.56857e+00
       357        365     1.00000e+00     1.14299e+01     8.83586e+00
       358        366     1.00000e+00     1.14293e+01     9.34326e+00
       359        367     1.00000e+00     1.14288e+01     7.74077e+00
       360        368     1.00000e+00     1.14282e+01     7.55197e+00
       361        369     1.00000e+00     1.14274e+01     8.05317e+00
       362        370     1.00000e+00     1.14266e+01     1.14371e+01
       363        371     1.00000e+00     1.14258e+01     8.29644e+00
       364        372     1.00000e+00     1.14253e+01     6.47868e+00
       365        373     1.00000e+00     1.14247e+01     8.02539e+00
       366        374     1.00000e+00     1.14243e+01     8.70269e+00
       367        375     1.00000e+00     1.14235e+01     9.54401e+00
       368        376     1.00000e+00     1.14228e+01     1.16439e+01
       369        377     1.00000e+00     1.14220e+01     7.89864e+00
       370        378     1.00000e+00     1.14215e+01     6.55281e+00
       371        379     1.00000e+00     1.14211e+01     7.51922e+00
       372        380     1.00000e+00     1.14205e+01     8.70564e+00
       373        381     1.00000e+00     1.14197e+01     1.05083e+01
       374        382     1.00000e+00     1.14190e+01     9.79973e+00
       375        383     1.00000e+00     1.14185e+01     6.24595e+00
       376        384     1.00000e+00     1.14182e+01     6.22014e+00
       377        385     1.00000e+00     1.14177e+01     7.26139e+00
       378        386     1.00000e+00     1.14169e+01     9.55945e+00
       379        387     1.00000e+00     1.14165e+01     1.23617e+01
       380        388     1.00000e+00     1.14158e+01     6.87284e+00
       381        389     1.00000e+00     1.14155e+01     5.77071e+00
       382        390     1.00000e+00     1.14151e+01     6.68229e+00
       383        391     1.00000e+00     1.14144e+01     8.72059e+00
       384        392     1.00000e+00     1.14140e+01     9.88762e+00
       385        393     1.00000e+00     1.14135e+01     6.08764e+00
       386        394     1.00000e+00     1.14132e+01     5.37168e+00
       387        395     1.00000e+00     1.14129e+01     6.11756e+00
       388        396     1.00000e+00     1.14122e+01     7.67984e+00
       389        397     1.00000e+00     1.14115e+01     1.23252e+01
       390        398     1.00000e+00     1.14108e+01     7.40971e+00
       391        399     1.00000e+00     1.14104e+01     5.24330e+00
       392        400     1.00000e+00     1.14101e+01     5.83062e+00
       393        401     1.00000e+00     1.14099e+01     7.02641e+00
       394        402     1.00000e+00     1.14090e+01     8.64378e+00
       395        403     1.00000e+00     1.14083e+01     1.27221e+01
       396        404     1.00000e+00     1.14075e+01     6.95286e+00
       397        405     1.00000e+00     1.14072e+01     5.02441e+00
       398        406     1.00000e+00     1.14069e+01     5.82054e+00
       399        407     1.00000e+00     1.14066e+01     7.02166e+00
       400        408     1.00000e+00     1.14060e+01     8.61599e+00
Exceeded Maximum Number of Iterations
 Iteration   FunEvals     Step Length    Function Val        Opt Cond
         1          3     5.87144e-01     1.36989e+00     1.52381e+01
         2          4     1.00000e+00     2.80942e-01     3.21356e+00
         3          5     1.00000e+00     2.03653e-01     1.50023e+00
         4          6     1.00000e+00     1.62192e-01     9.04945e-01
         5          7     1.00000e+00     1.22290e-01     6.57976e-01
         6          8     1.00000e+00     1.00824e-01     3.40424e-01
         7          9     1.00000e+00     8.94181e-02     2.21505e-01
         8         10     1.00000e+00     8.03130e-02     2.08378e-01
         9         11     1.00000e+00     7.40999e-02     1.43673e-01
        10         12     1.00000e+00     7.02497e-02     9.98074e-02
        11         13     1.00000e+00     6.71567e-02     9.54662e-02
        12         14     1.00000e+00     6.48809e-02     1.56957e-01
        13         15     1.00000e+00     6.25320e-02     6.07787e-02
        14         16     1.00000e+00     6.15698e-02     5.38478e-02
        15         17     1.00000e+00     6.06376e-02     5.20826e-02
        16         18     1.00000e+00     5.94604e-02     4.60976e-02
        17         19     1.00000e+00     5.89350e-02     5.73876e-02
        18         20     1.00000e+00     5.84709e-02     2.16969e-02
        19         21     1.00000e+00     5.83327e-02     1.62788e-02
        20         22     1.00000e+00     5.81566e-02     1.64445e-02
        21         23     1.00000e+00     5.80023e-02     1.52141e-02
        22         25     5.27147e-01     5.79334e-02     1.71483e-02
        23         26     1.00000e+00     5.78680e-02     7.81908e-03
        24         27     1.00000e+00     5.78414e-02     6.44477e-03
        25         28     1.00000e+00     5.78160e-02     6.72807e-03
        26         29     1.00000e+00     5.78028e-02     7.59107e-03
        27         30     1.00000e+00     5.77924e-02     3.67599e-03
        28         31     1.00000e+00     5.77863e-02     3.06202e-03
        29         32     1.00000e+00     5.77822e-02     3.03790e-03
        30         33     1.00000e+00     5.77753e-02     2.12088e-03
        31         35     5.01934e-01     5.77739e-02     2.23485e-03
        32         36     1.00000e+00     5.77725e-02     9.56599e-04
        33         37     1.00000e+00     5.77721e-02     8.05473e-04
        34         38     1.00000e+00     5.77717e-02     8.85150e-04
        35         39     1.00000e+00     5.77714e-02     9.38170e-04
        36         40     1.00000e+00     5.77713e-02     4.14602e-04
        37         41     1.00000e+00     5.77712e-02     3.44482e-04
        38         42     1.00000e+00     5.77712e-02     3.19927e-04
        39         43     1.00000e+00     5.77711e-02     2.33773e-04
        40         45     3.40814e-01     5.77711e-02     2.26737e-04
        41         46     1.00000e+00     5.77710e-02     1.14357e-04
        42         47     1.00000e+00     5.77710e-02     9.32750e-05
        43         48     1.00000e+00     5.77710e-02     7.47895e-05
        44         49     1.00000e+00     5.77710e-02     1.69329e-04
        45         50     1.00000e+00     5.77710e-02     4.64323e-05
        46         51     1.00000e+00     5.77710e-02     3.16192e-05
Function Value changing by less than TolX
Test Accuracy: 98.522683%
