I have acquired the following output after running softmaxExercise.

>> softmaxExercise
 Iteration   FunEvals     Step Length    Function Val        Opt Cond
         1          4     1.56136e+00     1.28360e+00     4.56608e+01
         2          5     1.00000e+00     7.53375e-01     2.59587e+01
         3          6     1.00000e+00     6.40591e-01     1.41045e+01
         4          7     1.00000e+00     5.82884e-01     9.58487e+00
         5          8     1.00000e+00     5.06087e-01     7.43026e+00
         6          9     1.00000e+00     4.99987e-01     1.59001e+01
         7         10     1.00000e+00     4.58215e-01     6.95737e+00
         8         11     1.00000e+00     4.45857e-01     4.18284e+00
         9         12     1.00000e+00     4.32765e-01     4.18389e+00
        10         13     1.00000e+00     4.14722e-01     4.00656e+00
        11         14     1.00000e+00     3.90298e-01     4.28782e+00
        12         15     1.00000e+00     3.68401e-01     3.28033e+00
        13         16     1.00000e+00     3.58891e-01     2.79054e+00
        14         17     1.00000e+00     3.51048e-01     2.98860e+00
        15         18     1.00000e+00     3.44171e-01     2.61655e+00
        16         19     1.00000e+00     3.38019e-01     4.17284e+00
        17         20     1.00000e+00     3.31784e-01     1.93152e+00
        18         21     1.00000e+00     3.28449e-01     1.75380e+00
        19         22     1.00000e+00     3.22563e-01     1.75089e+00
        20         23     1.00000e+00     3.16049e-01     1.66053e+00
        21         25     3.23355e-01     3.13510e-01     2.29982e+00
        22         26     1.00000e+00     3.09425e-01     1.13302e+00
        23         27     1.00000e+00     3.07158e-01     8.93616e-01
        24         28     1.00000e+00     3.04522e-01     1.16668e+00
        25         29     1.00000e+00     3.01792e-01     1.27843e+00
        26         30     1.00000e+00     2.99793e-01     1.69209e+00
        27         31     1.00000e+00     2.97756e-01     8.75985e-01
        28         32     1.00000e+00     2.96243e-01     8.68200e-01
        29         33     1.00000e+00     2.94990e-01     9.23114e-01
        30         34     1.00000e+00     2.92619e-01     8.95946e-01
        31         35     1.00000e+00     2.89765e-01     8.18232e-01
        32         36     1.00000e+00     2.87753e-01     1.05405e+00
        33         37     1.00000e+00     2.86032e-01     7.69023e-01
        34         38     1.00000e+00     2.84843e-01     6.39875e-01
        35         39     1.00000e+00     2.83196e-01     6.77500e-01
        36         40     1.00000e+00     2.82274e-01     6.55834e-01
        37         41     1.00000e+00     2.81272e-01     6.72884e-01
        38         42     1.00000e+00     2.79932e-01     5.64788e-01
        39         43     1.00000e+00     2.78662e-01     4.26147e-01
        40         44     1.00000e+00     2.77764e-01     4.18409e-01
        41         45     1.00000e+00     2.76916e-01     4.48457e-01
        42         46     1.00000e+00     2.75885e-01     4.23954e-01
        43         47     1.00000e+00     2.74551e-01     3.95026e-01
        44         48     1.00000e+00     2.73797e-01     3.61322e-01
        45         49     1.00000e+00     2.73293e-01     2.56651e-01
        46         50     1.00000e+00     2.72862e-01     2.54036e-01
        47         51     1.00000e+00     2.72262e-01     2.61123e-01
        48         52     1.00000e+00     2.71747e-01     4.76437e-01
        49         53     1.00000e+00     2.71066e-01     2.21808e-01
        50         54     1.00000e+00     2.70804e-01     1.69115e-01
        51         55     1.00000e+00     2.70495e-01     1.83393e-01
        52         56     1.00000e+00     2.70067e-01     1.85675e-01
        53         57     1.00000e+00     2.69584e-01     2.41194e-01
        54         58     1.00000e+00     2.69315e-01     1.73038e-01
        55         59     1.00000e+00     2.69173e-01     1.44308e-01
        56         60     1.00000e+00     2.68915e-01     1.40522e-01
        57         61     1.00000e+00     2.68734e-01     1.55194e-01
        58         62     1.00000e+00     2.68593e-01     1.15293e-01
        59         63     1.00000e+00     2.68435e-01     1.04668e-01
        60         64     1.00000e+00     2.68288e-01     1.20165e-01
        61         65     1.00000e+00     2.68126e-01     1.33161e-01
        62         66     1.00000e+00     2.68019e-01     8.31181e-02
        63         67     1.00000e+00     2.67951e-01     8.06963e-02
        64         68     1.00000e+00     2.67865e-01     8.21451e-02
        65         69     1.00000e+00     2.67783e-01     1.35348e-01
        66         70     1.00000e+00     2.67717e-01     6.60220e-02
        67         71     1.00000e+00     2.67677e-01     6.53346e-02
        68         72     1.00000e+00     2.67636e-01     7.10839e-02
        69         73     1.00000e+00     2.67566e-01     6.96933e-02
        70         75     5.16236e-01     2.67530e-01     7.73510e-02
        71         76     1.00000e+00     2.67498e-01     4.52125e-02
        72         77     1.00000e+00     2.67473e-01     4.95221e-02
        73         78     1.00000e+00     2.67446e-01     5.45116e-02
        74         79     1.00000e+00     2.67397e-01     5.03313e-02
        75         81     3.72471e-01     2.67380e-01     6.53511e-02
        76         82     1.00000e+00     2.67356e-01     3.42019e-02
        77         83     1.00000e+00     2.67343e-01     3.13142e-02
        78         84     1.00000e+00     2.67326e-01     3.53055e-02
        79         85     1.00000e+00     2.67310e-01     5.22284e-02
        80         86     1.00000e+00     2.67298e-01     2.56757e-02
        81         87     1.00000e+00     2.67290e-01     2.30833e-02
        82         88     1.00000e+00     2.67283e-01     2.55772e-02
        83         89     1.00000e+00     2.67271e-01     2.43229e-02
        84         90     1.00000e+00     2.67268e-01     7.23447e-02
        85         91     1.00000e+00     2.67257e-01     2.23664e-02
        86         92     1.00000e+00     2.67254e-01     1.56134e-02
        87         93     1.00000e+00     2.67252e-01     1.70669e-02
        88         94     1.00000e+00     2.67247e-01     1.55738e-02
        89         95     1.00000e+00     2.67240e-01     2.00795e-02
        90         96     1.00000e+00     2.67236e-01     1.73643e-02
        91         97     1.00000e+00     2.67235e-01     1.11946e-02
        92         98     1.00000e+00     2.67233e-01     1.04711e-02
        93         99     1.00000e+00     2.67232e-01     1.10674e-02
        94        100     1.00000e+00     2.67229e-01     1.45934e-02
        95        101     1.00000e+00     2.67227e-01     1.45351e-02
        96        102     1.00000e+00     2.67226e-01     8.17900e-03
        97        103     1.00000e+00     2.67225e-01     8.79530e-03
        98        104     1.00000e+00     2.67225e-01     9.23270e-03
        99        105     1.00000e+00     2.67223e-01     9.96593e-03
       100        106     1.00000e+00     2.67222e-01     1.03800e-02
Exceeded Maximum Number of Iterations
Accuracy: 92.640%
